1.631415076553821564e-02
1.761134527623653412e-02
-6.731008738279342651e-02
-3.917033970355987549e-02
1.063283756375312805e-01
1.817150227725505829e-02
6.155125796794891357e-02
5.322784930467605591e-02
-2.758744731545448303e-02
-3.128938376903533936e-02
-1.151753030717372894e-02
5.027972161769866943e-02
-1.948652788996696472e-02
-2.638593502342700958e-02
2.988384105265140533e-02
-2.658299542963504791e-02
-2.582548186182975769e-03
-1.588016189634799957e-02
-1.595998369157314301e-02
-2.460501715540885925e-02
2.528327330946922302e-02
2.159229107201099396e-02
-6.082518771290779114e-02
3.107127360999584198e-02
5.195765290409326553e-03
3.377544693648815155e-03
5.970229208469390869e-02
-1.019705832004547119e-02
2.740933559834957123e-02
-5.672702193260192871e-02
5.408345721662044525e-03
-9.681782871484756470e-02
3.922994062304496765e-02
-3.786910697817802429e-02
-7.183182053267955780e-03
3.256227448582649231e-02
-2.566167153418064117e-03
3.577975183725357056e-02
8.475541323423385620e-02
-3.655216470360755920e-02
1.316012442111968994e-02
-9.798087924718856812e-02
-2.814111299812793732e-02
-6.225744634866714478e-02
-6.679608020931482315e-03
2.876673080027103424e-02
-3.349122405052185059e-02
-2.127699553966522217e-02
4.273854196071624756e-02
-3.697907552123069763e-03
-7.704860996454954147e-03
-8.130731992423534393e-03
-2.581659331917762756e-02
6.784227211028337479e-03
1.200090534985065460e-02
2.912134863436222076e-02
2.641330473124980927e-02
-3.076387196779251099e-02
1.552426908165216446e-02
-1.171967089176177979e-01
-3.027138859033584595e-02
3.849098086357116699e-02
-3.201428055763244629e-02
2.062765881419181824e-02
-3.909769654273986816e-02
-7.050812244415283203e-02
8.808826096355915070e-03
-4.437093809247016907e-02
3.917853906750679016e-02
1.152239926159381866e-02
-5.560179799795150757e-02
-5.240985751152038574e-02
-4.075334593653678894e-02
-3.781578317284584045e-02
3.587966319173574448e-03
1.447303406894207001e-02
-8.233719505369663239e-03
-1.185125485062599182e-01
-5.178718641400337219e-02
5.222158972173929214e-03
-4.215732961893081665e-02
8.906973898410797119e-02
1.466666627675294876e-02
-1.195806916803121567e-02
-8.057878352701663971e-03
-2.553178369998931885e-02
2.907405421137809753e-02
-7.622957229614257812e-02
1.881103962659835815e-02
-3.322130814194679260e-02
-6.768356263637542725e-02
3.675042092800140381e-02
9.653628803789615631e-03
3.591592609882354736e-02
2.862058579921722412e-02
1.066158618777990341e-02
-9.595525264739990234e-02
-7.347597274929285049e-03
-5.669207870960235596e-02
-6.683654338121414185e-02
-3.727622330188751221e-02
2.803211100399494171e-02
3.951883688569068909e-02
-2.283636480569839478e-02
-4.454296082258224487e-02
-6.806033104658126831e-02
-2.329155430197715759e-02
1.922432892024517059e-02
5.590438842773437500e-03
-1.686199801042675972e-03
-2.921337820589542389e-02
1.110224332660436630e-02
-7.729351520538330078e-02
-4.375835414975881577e-03
6.421279162168502808e-02
-6.102612242102622986e-02
5.561559647321701050e-02
3.472864627838134766e-03
-2.682696655392646790e-02
-6.173875555396080017e-02
-6.229945272207260132e-02
-8.402882143855094910e-03
6.731940899044275284e-03
-1.764029264450073242e-02
-4.656670242547988892e-02
3.879843652248382568e-02
2.754168771207332611e-02
-7.613395899534225464e-02
-4.351494461297988892e-02
-1.589116640388965607e-03
-1.148053910583257675e-02
6.801123172044754028e-02
-4.643838480114936829e-02
-5.261121317744255066e-02
-3.914134576916694641e-02
-3.595858067274093628e-02
2.662010490894317627e-02
8.097926527261734009e-02
-8.461824618279933929e-03
-3.310140594840049744e-02
2.485963515937328339e-02
4.074627999216318130e-03
-1.669145934283733368e-02
3.159086778759956360e-02
3.016005083918571472e-02
-4.581098444759845734e-03
2.584413997828960419e-02
-6.213854253292083740e-02
2.780423127114772797e-02
-8.216635324060916901e-03
1.502654794603586197e-02
-1.040716748684644699e-02
6.920102052390575409e-03
-3.820383548736572266e-02
4.424734413623809814e-02
-9.866550564765930176e-03
2.062298357486724854e-02
-5.519854836165904999e-03
7.610996067523956299e-02
9.033166617155075073e-02
-1.859223656356334686e-02
-7.593390345573425293e-02
3.778799623250961304e-02
1.882878690958023071e-02
-9.074155241250991821e-02
2.694515045732259750e-03
2.635627053678035736e-02
4.508733004331588745e-02
4.676702432334423065e-03
2.035417966544628143e-02
3.735337778925895691e-02
3.419946506619453430e-02
-1.564062200486660004e-02
-1.596776954829692841e-02
8.398219943046569824e-03
8.898265659809112549e-02
-5.533944442868232727e-02
-1.453686319291591644e-02
4.395056143403053284e-02
7.997645437717437744e-02
1.793166249990463257e-02
-9.519626200199127197e-02
-7.964164763689041138e-02
-2.375706844031810760e-02
2.051917277276515961e-02
-3.430992364883422852e-02
-3.180257603526115417e-02
5.189232155680656433e-02
2.152691781520843506e-02
1.536334212869405746e-02
-1.313110440969467163e-02
-2.923035621643066406e-02
-6.146700680255889893e-02
-7.350508123636245728e-02
2.206845209002494812e-02
-5.506817623972892761e-02
3.980938717722892761e-02
-3.434076905250549316e-02
-5.537755414843559265e-02
-2.842659316956996918e-02
-4.209364950656890869e-02
-2.818616293370723724e-02
2.891033701598644257e-02
-1.788385957479476929e-02
2.128992602229118347e-02
6.605278700590133667e-02
2.086101332679390907e-03
-2.075495570898056030e-02
1.685484312474727631e-02
1.784870959818363190e-02
3.746879473328590393e-02
-1.674193516373634338e-02
-5.439136177301406860e-02
-5.011821165680885315e-02
-6.721989810466766357e-02
-6.618926674127578735e-02
-1.033001244068145752e-01
9.735989151522517204e-04
-4.385602194815874100e-03
-5.829958990216255188e-02
-5.733905360102653503e-02
2.393088303506374359e-02
-1.441685762256383896e-02
9.706662595272064209e-02
3.990956395864486694e-02
-2.402739971876144409e-02
-2.663331478834152222e-02
3.595886053517460823e-03
7.016598246991634369e-04
-5.750777572393417358e-02
-9.081517904996871948e-02
-5.614762753248214722e-02
4.339838773012161255e-02
-1.716980151832103729e-02
5.253321491181850433e-03
-4.761586710810661316e-02
1.299860794097185135e-02
2.567550167441368103e-02
7.070186256896704435e-05
-5.422090180218219757e-03
8.535565808415412903e-03
-3.579109162092208862e-02
2.930052392184734344e-02
-4.680290073156356812e-02
2.208685735240578651e-03
-3.416408598423004150e-02
1.819059066474437714e-02
-1.139143034815788269e-01
-5.077128112316131592e-02
3.653536736965179443e-02
-1.923663169145584106e-02
-6.922917906194925308e-03
-4.201279580593109131e-02
3.768037259578704834e-02
8.325038850307464600e-02
-6.304641813039779663e-02
5.367813259363174438e-02
8.874151110649108887e-02
3.419789718464016914e-04
-4.812302067875862122e-02
4.556487873196601868e-02
9.256651997566223145e-02
1.793987303972244263e-02
-6.811924278736114502e-02
3.399489820003509521e-02
-6.913446355611085892e-03
6.813935935497283936e-02
-8.943564258515834808e-03
-4.474096465855836868e-03
-1.858920417726039886e-02
-3.929194435477256775e-02
-9.574978612363338470e-03
-2.075927518308162689e-02
-7.973652333021163940e-02
2.866028994321823120e-02
2.350516989827156067e-02
1.184465456753969193e-02
-5.496369674801826477e-02
9.093811362981796265e-02
-2.574765868484973907e-02
-3.663061931729316711e-02
7.665132638067007065e-03
-7.809362374246120453e-03
-4.578534141182899475e-02
-1.590187475085258484e-02
6.282739341259002686e-02
-2.897803671658039093e-02
6.181506067514419556e-02
6.179638579487800598e-02
9.200954809784889221e-03
-1.853298954665660858e-02
-2.227518707513809204e-02
3.851507976651191711e-02
-2.809996716678142548e-02
-2.293530665338039398e-02
-2.576559968292713165e-02
5.421827733516693115e-02
-2.652554400265216827e-02
4.329902678728103638e-02
-6.077466160058975220e-02
2.146609622286632657e-04
-1.548075396567583084e-02
-1.167594362050294876e-02
-3.497324883937835693e-02
-2.478616498410701752e-02
-4.935581237077713013e-02
-1.909716799855232239e-02
-5.418024584650993347e-02
-3.710584715008735657e-02
4.130305256694555283e-03
1.022547334432601929e-01
-2.119030058383941650e-02
2.674257382750511169e-02
4.435997456312179565e-02
-4.259091988205909729e-02
2.938729524612426758e-02
3.821744397282600403e-02
1.634888723492622375e-02
-3.165784105658531189e-02
1.293762400746345520e-02
7.728714495897293091e-02
4.349574819207191467e-02
-2.172031439840793610e-02
-9.427856653928756714e-03
6.558024883270263672e-02
-4.089449718594551086e-02
7.547018676996231079e-02
-2.810282446444034576e-02
-2.050546742975711823e-02
-6.744261085987091064e-02
9.641739306971430779e-04
-1.364948228001594543e-02
4.777916148304939270e-02
3.875063359737396240e-02
-6.517616659402847290e-02
-6.326477974653244019e-02
2.812480088323354721e-03
-7.868804037570953369e-02
1.244422793388366699e-02
7.524613291025161743e-03
4.791956394910812378e-02
-1.993438787758350372e-02
-7.332203444093465805e-03
2.667651139199733734e-02
-1.249311026185750961e-02
6.771793588995933533e-03
3.496808186173439026e-02
-1.073168241418898106e-03
-3.160307928919792175e-02
-4.214638471603393555e-02
-4.616872966289520264e-02
3.895238041877746582e-02
-3.188255056738853455e-02
-5.351888760924339294e-02
2.362049929797649384e-02
7.177093625068664551e-02
4.353656247258186340e-02
2.228196244686841965e-03
1.294334232807159424e-02
-3.776023536920547485e-02
1.719249971210956573e-02
1.961903460323810577e-02
8.571232855319976807e-02
6.840560585260391235e-02
2.482261136174201965e-02
-4.609465133398771286e-03
2.900423668324947357e-02
2.655214071273803711e-02
6.352071464061737061e-02
-2.545137144625186920e-02
2.720363624393939972e-02
-1.089456453919410706e-01
4.368253797292709351e-02
-1.076255962252616882e-01
-2.920101769268512726e-02
1.012784894555807114e-02
-5.219693481922149658e-02
3.033137507736682892e-02
-8.943029493093490601e-02
-3.652101010084152222e-02
-3.784157801419496536e-03
4.721708595752716064e-03
-3.257557749748229980e-03
6.765721738338470459e-02
4.633669927716255188e-02
-2.907600067555904388e-02
-8.689157548360526562e-04
3.101128526031970978e-02
1.202637143433094025e-02
-1.229509338736534119e-02
-1.751288399100303650e-02
-2.500489354133605957e-02
-3.317220509052276611e-02
-4.532115068286657333e-03
-6.467786431312561035e-02
6.617628782987594604e-02
1.377077493816614151e-02
-1.921511068940162659e-02
-3.651336207985877991e-02
8.373793214559555054e-02
-3.625185042619705200e-02
-2.516657346859574318e-03
-1.951860263943672180e-02
-1.828212849795818329e-02
-1.258770748972892761e-02
1.269593685865402222e-01
-3.964524716138839722e-02
-1.492610294371843338e-02
5.157930776476860046e-03
-1.071426272392272949e-02
-1.788042485713958740e-02
5.509379878640174866e-02
-1.726814173161983490e-02
-9.726611897349357605e-04
2.423090487718582153e-02
-1.252605143235996366e-04
6.849393248558044434e-02
7.596448063850402832e-02
-1.505392603576183319e-02
-4.142507538199424744e-02
-5.687208473682403564e-02
-5.316424369812011719e-02
-5.427384749054908752e-02
-3.482448682188987732e-02
-3.921837732195854187e-02
-2.725420333445072174e-02
-2.027808129787445068e-02
5.854842811822891235e-02
4.953849688172340393e-02
-4.002333059906959534e-02
-1.118890382349491119e-02
4.805314168334007263e-02
-1.804012618958950043e-02
1.503152586519718170e-02
-2.704295329749584198e-02
-7.017554342746734619e-02
-6.372889131307601929e-02
-3.183722123503684998e-02
7.829869538545608521e-02
-8.497329428791999817e-03
7.489846646785736084e-02
1.651311106979846954e-02
-4.810682311654090881e-02
-2.538595907390117645e-02
-9.540551900863647461e-02
5.972402542829513550e-02
4.468924179673194885e-02
2.968572266399860382e-02
-5.941032990813255310e-02
4.443496093153953552e-02
-1.375532988458871841e-02
2.600497007369995117e-02
-3.313194960355758667e-02
-1.443948410451412201e-02
-8.032014966011047363e-02
-3.067280910909175873e-02
2.586814016103744507e-02
-3.469197824597358704e-02
-4.332411289215087891e-02
3.741166321560740471e-03
-5.499836429953575134e-02
2.560573443770408630e-02
1.228015962988138199e-02
2.396398596465587616e-02
-3.789724037051200867e-02
7.688855752348899841e-03
-4.007052257657051086e-02
9.350222349166870117e-02
1.751090027391910553e-02
-3.142909705638885498e-02
-2.899468131363391876e-02
2.511973120272159576e-02
6.326769292354583740e-02
-2.075017197057604790e-03
-4.705301020294427872e-03
-1.574170030653476715e-02
-1.456533675082027912e-03
9.607643634080886841e-02
-7.047194242477416992e-02
-1.386435478925704956e-01
-3.882510587573051453e-02
-4.416223242878913879e-02
9.943960234522819519e-03
-9.647890925407409668e-02
2.693921700119972229e-02
2.819585986435413361e-02
-9.139445610344409943e-03
-4.895468801259994507e-02
-6.242382805794477463e-03
1.230096817016601562e-02
1.638345606625080109e-02
-6.866887211799621582e-02
4.183629155158996582e-02
9.755005128681659698e-03
-4.863281920552253723e-02
-3.219867125153541565e-02
1.317368540912866592e-02
-8.673851191997528076e-02
-7.520064711570739746e-02
4.948561638593673706e-02
7.142189145088195801e-02
8.495752699673175812e-03
-2.091091684997081757e-02
-5.927284061908721924e-02
3.158509358763694763e-02
6.666297465562820435e-02
6.827164441347122192e-02
3.695646300911903381e-02
-1.829262264072895050e-02
-1.605166867375373840e-02
1.151611749082803726e-02
-2.239561872556805611e-03
