-7.614000700414180756e-03
6.621609628200531006e-02
-4.913188144564628601e-02
-3.882231935858726501e-02
1.058071255683898926e-01
-4.409797489643096924e-02
1.080501899123191833e-01
1.432833075523376465e-02
1.356269419193267822e-02
-2.246534824371337891e-02
3.615530580282211304e-02
3.710440546274185181e-02
1.953877508640289307e-02
-8.220911771059036255e-02
-9.587944485247135162e-03
1.846838369965553284e-02
3.875220939517021179e-02
-2.290011756122112274e-02
-2.560875192284584045e-02
-1.029516477137804031e-02
7.234241068363189697e-02
-3.758946433663368225e-02
-6.432691216468811035e-02
3.311982005834579468e-02
1.141326781362295151e-02
3.026293125003576279e-03
8.225582540035247803e-02
-4.219589382410049438e-02
6.717855483293533325e-02
-5.141460523009300232e-02
1.354409474879503250e-02
-7.764151692390441895e-02
2.617314271628856659e-02
-3.284497559070587158e-02
2.473857440054416656e-02
2.672596834599971771e-02
5.255379900336265564e-02
-4.119035974144935608e-02
6.868538260459899902e-02
4.093486815690994263e-03
-1.577753201127052307e-02
-9.513670951128005981e-02
-2.115990268066525459e-03
-4.926620796322822571e-02
-6.479448080062866211e-02
4.656593874096870422e-02
-1.433269213885068893e-02
1.454665046185255051e-02
8.517217636108398438e-02
7.802413310855627060e-03
-1.511895470321178436e-02
6.607872433960437775e-03
-4.450419172644615173e-02
2.039398252964019775e-02
9.943801909685134888e-02
-2.560180239379405975e-02
5.758289620280265808e-02
-3.381067141890525818e-02
-2.063965424895286560e-02
-5.985229834914207458e-02
-1.591675728559494019e-02
5.351701006293296814e-02
-5.987930297851562500e-02
4.405330400913953781e-03
-1.948513276875019073e-02
-8.506851643323898315e-02
-1.085764449089765549e-02
-2.131614834070205688e-02
5.726938694715499878e-02
-4.067060351371765137e-02
-3.110388480126857758e-02
-5.906340107321739197e-02
-4.942924529314041138e-02
-8.593806065618991852e-03
2.253266237676143646e-02
2.105686627328395844e-02
1.131905522197484970e-02
-5.997589230537414551e-02
-9.338934719562530518e-02
3.390591219067573547e-02
-1.073604449629783630e-01
9.708819910883903503e-03
1.423405855894088745e-02
-2.321061678230762482e-02
-1.869112625718116760e-02
-4.652060568332672119e-02
1.313573960214853287e-02
-2.533159963786602020e-02
6.719060242176055908e-02
-1.289083342999219894e-02
-9.240335971117019653e-02
2.293430082499980927e-02
-4.608182981610298157e-02
7.625962793827056885e-02
1.082351617515087128e-02
2.249857969582080841e-02
-9.280962496995925903e-02
1.950956939253956079e-04
-5.981073155999183655e-02
-1.009464077651500702e-02
-1.107106506824493408e-01
-1.856543868780136108e-02
4.932852461934089661e-03
-4.396850615739822388e-02
-4.781885817646980286e-02
-8.109012246131896973e-02
-2.842287765815854073e-03
-8.679963648319244385e-03
5.014678090810775757e-02
3.111185878515243530e-02
1.111783832311630249e-02
-1.028291136026382446e-02
-6.190830841660499573e-02
-4.808877129107713699e-03
3.883598744869232178e-02
-3.898978233337402344e-02
4.344946518540382385e-02
-3.671245276927947998e-02
-2.713716030120849609e-02
-3.454108908772468567e-02
9.802713990211486816e-03
-5.597062408924102783e-03
2.210177667438983917e-02
7.943366654217243195e-03
-5.211008712649345398e-02
1.422234345227479935e-02
-2.469345461577177048e-03
-1.155209690332412720e-01
-1.829273439943790436e-02
3.132843971252441406e-02
1.533686928451061249e-02
9.545896202325820923e-02
-2.986180037260055542e-02
-4.696152359247207642e-02
-3.293312713503837585e-02
-1.810054108500480652e-02
2.500276314094662666e-03
3.525533527135848999e-02
-1.088042091578245163e-02
-7.667420059442520142e-02
4.221357032656669617e-02
-4.071033000946044922e-02
-3.694970160722732544e-02
1.683201268315315247e-02
9.155110456049442291e-03
-3.227311186492443085e-03
3.828534856438636780e-02
-6.536600738763809204e-02
5.921965464949607849e-02
-3.034074790775775909e-02
3.887722268700599670e-02
2.346710069105029106e-03
3.582994639873504639e-02
1.971789449453353882e-02
4.617492668330669403e-03
-2.013440802693367004e-02
-3.868941683322191238e-03
1.675748452544212341e-02
5.578260868787765503e-02
8.489005267620086670e-02
2.548609301447868347e-02
-5.118312314152717590e-02
-3.754317527636885643e-03
2.485017105937004089e-02
-5.331164970993995667e-02
3.171925246715545654e-02
4.870240017771720886e-02
7.503765076398849487e-02
1.012882310897111893e-02
-5.208577029407024384e-03
2.613644301891326904e-02
7.199326995760202408e-03
-2.084185555577278137e-02
-4.279531538486480713e-02
7.325508049689233303e-04
3.510880097746849060e-02
-6.393603235483169556e-02
-3.305366635322570801e-02
7.747048139572143555e-02
2.220008336007595062e-02
1.495728828012943268e-02
-7.420524954795837402e-02
-4.904653131961822510e-02
-2.884861454367637634e-02
-5.623366218060255051e-03
-2.911705290898680687e-03
-4.151678085327148438e-02
-1.215220801532268524e-02
-4.791651666164398193e-02
4.953075200319290161e-02
-9.875839948654174805e-02
1.614536531269550323e-02
-9.142947942018508911e-02
-7.962238043546676636e-02
-2.887321449816226959e-02
-9.196564555168151855e-02
3.623241186141967773e-02
-4.652842879295349121e-02
-2.493988722562789917e-03
-3.502162918448448181e-02
-5.922895297408103943e-02
-6.035323441028594971e-02
2.383905090391635895e-02
-1.417888887226581573e-02
1.820497401058673859e-02
2.117954567074775696e-02
-2.827346697449684143e-02
-4.408017173409461975e-02
-5.568541586399078369e-02
2.171134203672409058e-02
2.067547105252742767e-02
-2.296434342861175537e-02
-2.328252047300338745e-02
-6.889519840478897095e-02
-8.023913949728012085e-02
-3.907198458909988403e-02
-7.043009996414184570e-02
-7.179548265412449837e-04
-1.187890651635825634e-03
-4.494805634021759033e-02
-3.764297440648078918e-02
-5.306096002459526062e-02
2.117397263646125793e-02
3.903026133775711060e-02
-5.110589321702718735e-03
-2.730743959546089172e-02
-3.257248923182487488e-02
2.120678313076496124e-02
2.770674414932727814e-02
-7.216592133045196533e-02
-9.825983643531799316e-02
-6.741769611835479736e-02
3.357093408703804016e-02
-4.501746967434883118e-03
3.590643405914306641e-02
-3.181026130914688110e-02
-1.131246890872716904e-02
5.872808024287223816e-02
6.443671416491270065e-03
2.397912321612238884e-03
4.003152251243591309e-02
-2.739937230944633484e-02
6.195059418678283691e-02
-2.970428951084613800e-02
2.857211790978908539e-02
-2.293447405099868774e-02
-1.465341728180646896e-02
-9.854663163423538208e-02
-3.461076319217681885e-02
-5.124320834875106812e-02
8.826293982565402985e-03
1.832444919273257256e-03
2.140640653669834137e-02
2.280537411570549011e-02
1.360381022095680237e-02
-6.281168758869171143e-02
4.560800269246101379e-02
8.098975569009780884e-02
6.593769788742065430e-02
-5.863393843173980713e-02
3.081442974507808685e-02
6.189581006765365601e-02
-2.180180326104164124e-02
-4.787124320864677429e-02
3.420348465442657471e-02
-2.511931210756301880e-02
1.716656796634197235e-02
2.597869001328945160e-02
-2.417650073766708374e-02
-3.020736575126647949e-02
7.827432826161384583e-03
-8.621227927505970001e-03
-2.368746884167194366e-02
-6.213090941309928894e-02
4.912437871098518372e-02
5.509433895349502563e-02
-1.527620758861303329e-02
2.465410716831684113e-02
2.568327076733112335e-02
1.381124742329120636e-02
-4.952862858772277832e-02
6.260850350372493267e-04
-8.626895956695079803e-03
2.021743915975093842e-02
-2.658795006573200226e-02
-2.243177406489849091e-02
-2.508096024394035339e-02
3.272563591599464417e-02
3.873915225267410278e-02
4.969367757439613342e-02
-2.478899247944355011e-02
-4.681277647614479065e-02
-4.266084358096122742e-02
-2.586394920945167542e-02
-8.872138336300849915e-03
4.756783694028854370e-02
4.169743135571479797e-02
-3.662518411874771118e-02
2.627526409924030304e-02
-4.533489793539047241e-02
-8.450861088931560516e-03
-2.127811312675476074e-02
-1.676195114850997925e-02
-1.966789923608303070e-02
-3.733105212450027466e-02
-8.004496246576309204e-02
2.729316055774688721e-02
-3.036919794976711273e-02
-2.693681232631206512e-02
-6.694580614566802979e-02
1.021123901009559631e-01
-5.786542966961860657e-02
2.351745963096618652e-02
1.775929704308509827e-03
-3.756695613265037537e-02
6.432649493217468262e-02
8.206570893526077271e-02
-4.300854168832302094e-03
-3.238921286538243294e-03
-3.978835046291351318e-02
1.723485253751277924e-02
2.761895209550857544e-02
-1.611070707440376282e-03
5.772126466035842896e-02
1.956881023943424225e-02
-1.791954413056373596e-02
6.705600023269653320e-02
2.801731601357460022e-02
-2.999972738325595856e-02
-2.922962792217731476e-02
2.205806085839867592e-03
1.413370575755834579e-02
4.380135238170623779e-02
4.087151959538459778e-02
-5.753216892480850220e-02
-6.126935780048370361e-02
3.013043664395809174e-02
-8.162565529346466064e-02
3.444551676511764526e-02
6.657564640045166016e-02
5.472502112388610840e-02
-6.599117070436477661e-02
-8.427701890468597412e-02
1.890060305595397949e-02
3.809851035475730896e-02
-1.806231401860713959e-02
3.058171458542346954e-02
-5.411854945123195648e-04
-1.983168348670005798e-02
-5.801434442400932312e-02
8.114784024655818939e-03
8.443596214056015015e-02
3.400578722357749939e-02
-3.215801343321800232e-02
4.541177302598953247e-02
8.363354951143264771e-02
3.284751623868942261e-02
6.152191013097763062e-02
2.586343325674533844e-02
-1.576355658471584320e-02
-6.164672318845987320e-03
-1.181131112389266491e-03
4.826942831277847290e-02
-1.765740290284156799e-02
3.910131379961967468e-02
4.951507225632667542e-02
-1.127503253519535065e-02
7.264948450028896332e-03
3.328062221407890320e-02
3.272579610347747803e-02
1.447068154811859131e-02
-1.266846656799316406e-01
2.157769538462162018e-02
-1.046537160873413086e-01
-6.994843482971191406e-03
1.807633601129055023e-02
1.334805786609649658e-02
1.816922798752784729e-02
-9.297325462102890015e-02
-8.625868707895278931e-03
-9.926041588187217712e-03
4.583173245191574097e-02
-2.469968050718307495e-03
5.817499011754989624e-02
4.037721455097198486e-02
1.752522401511669159e-02
-5.010926723480224609e-02
4.083835706114768982e-02
-1.866821985458955169e-04
2.005529217422008514e-02
-5.002928897738456726e-02
-1.590780727565288544e-02
-9.096392989158630371e-02
4.556450992822647095e-02
-4.268573597073554993e-02
1.470259111374616623e-02
3.457118570804595947e-02
-4.750589840114116669e-03
-3.119674697518348694e-02
2.805621363222599030e-02
-4.466052632778882980e-03
-2.658219821751117706e-02
1.622650772333145142e-02
2.172000240534543991e-03
-5.404420942068099976e-02
1.054881438612937927e-01
-8.346632122993469238e-03
4.238850669935345650e-04
-5.498629529029130936e-03
7.811712101101875305e-03
1.566514000296592712e-02
1.449606381356716156e-02
-5.099952965974807739e-02
-1.371687394566833973e-03
-4.227814823389053345e-02
1.606404036283493042e-02
5.464364960789680481e-02
6.942002475261688232e-02
2.129910746589303017e-03
1.310328859835863113e-02
-2.519115619361400604e-02
1.431061420589685440e-02
-5.304574966430664062e-02
-2.535764686763286591e-02
-3.755090758204460144e-02
4.701077193021774292e-02
-4.925283044576644897e-02
6.538052856922149658e-02
6.876759231090545654e-02
3.360614553093910217e-02
-1.656532287597656250e-02
8.328474313020706177e-02
-1.829956285655498505e-02
7.235213369131088257e-02
-6.106721609830856323e-02
-5.585961788892745972e-02
-8.762017637491226196e-02
-6.855024024844169617e-03
6.635987013578414917e-02
3.981838747859001160e-02
7.946074753999710083e-02
5.716770142316818237e-02
-4.230442270636558533e-02
-5.722955614328384399e-02
-4.343435168266296387e-02
3.612924739718437195e-02
5.300604552030563354e-02
5.154710728675127029e-03
-6.169408932328224182e-02
4.956537857651710510e-02
7.444537244737148285e-03
-2.344308421015739441e-02
-2.075733803212642670e-02
-2.595522440969944000e-02
-7.501331716775894165e-02
-3.719261661171913147e-02
1.853662729263305664e-02
1.559981174068525434e-04
-3.077825345098972321e-02
1.983836665749549866e-02
-1.844766363501548767e-02
2.750147320330142975e-02
1.134786847978830338e-02
2.224721387028694153e-02
-6.245331838726997375e-02
1.569965295493602753e-02
-2.029545791447162628e-02
5.715497955679893494e-02
2.782213129103183746e-02
-5.180756375193595886e-02
2.673008479177951813e-03
4.594850912690162659e-02
5.492895096540451050e-02
1.044298871420323849e-03
1.939022727310657501e-02
1.996901817619800568e-02
-3.100225329399108887e-02
1.029690802097320557e-01
-8.386235684156417847e-02
-1.191172078251838684e-01
-5.141539499163627625e-03
-2.216909639537334442e-02
2.268483489751815796e-02
-6.755260378122329712e-02
-9.874714305624365807e-04
2.084448561072349548e-02
2.522476203739643097e-02
1.242341287434101105e-02
-3.771543502807617188e-02
-1.786037907004356384e-02
3.119867481291294098e-02
-5.245063826441764832e-02
5.107101518660783768e-03
3.161531314253807068e-02
2.369003370404243469e-02
5.563251674175262451e-03
-3.767495974898338318e-02
-5.763987079262733459e-03
-6.445052474737167358e-02
2.197028882801532745e-02
3.910042345523834229e-02
-4.534253478050231934e-02
1.122574973851442337e-02
-3.957255929708480835e-02
2.427994273602962494e-03
4.611035808920860291e-02
5.908164009451866150e-02
5.732635408639907837e-02
2.411746978759765625e-02
-3.617630898952484131e-02
2.620669640600681305e-02
2.050991728901863098e-02
