-4.975801333785057068e-02
-7.204827852547168732e-03
-8.057630807161331177e-02
-4.887346923351287842e-02
-1.015455126762390137e-01
-1.464817789383232594e-03
3.250966221094131470e-02
-1.280592288821935654e-02
-1.896992325782775879e-02
2.770329639315605164e-02
8.990962058305740356e-03
2.504680305719375610e-02
8.078300394117832184e-03
-6.774180382490158081e-02
4.176807776093482971e-02
-2.409904077649116516e-02
-3.298957273364067078e-02
-5.260344594717025757e-02
2.639205753803253174e-02
-4.252453148365020752e-02
-1.133305579423904419e-02
-5.565101280808448792e-02
-3.526506572961807251e-02
3.760965168476104736e-02
5.057612061500549316e-02
-3.433179855346679688e-02
-2.958881109952926636e-02
-1.897089742124080658e-02
-4.450083151459693909e-02
4.465937986969947815e-02
2.827388793230056763e-02
-2.184273675084114075e-02
5.256471689790487289e-03
5.306617170572280884e-02
-9.463650733232498169e-02
2.828695811331272125e-02
1.527641620486974716e-02
2.722678147256374359e-02
4.898349195718765259e-02
5.794216413050889969e-03
-8.090953342616558075e-03
-1.658016000874340534e-03
-2.786729857325553894e-02
1.274431124329566956e-03
2.624673955142498016e-02
9.676827490329742432e-02
-2.885982953011989594e-02
-7.185042649507522583e-02
9.672975540161132812e-02
-3.387217968702316284e-02
4.161598905920982361e-02
2.366140484809875488e-02
-1.071451753377914429e-01
-3.943289071321487427e-02
-2.134599024429917336e-03
-1.656762696802616119e-02
3.350991755723953247e-02
-4.974043369293212891e-02
-3.929401561617851257e-02
5.599529668688774109e-02
-1.038318201899528503e-01
6.912390142679214478e-02
-2.389321662485599518e-02
-3.361096978187561035e-02
7.084319740533828735e-02
-8.636136772111058235e-04
-2.468667738139629364e-02
-5.431394279003143311e-02
-7.476300746202468872e-02
7.768685929477214813e-03
1.493511069566011429e-02
2.674546651542186737e-02
1.321823243051767349e-02
-9.559020400047302246e-03
6.624676287174224854e-02
4.620559141039848328e-02
-1.349029783159494400e-02
2.090702950954437256e-02
-4.050845280289649963e-02
4.422606527805328369e-02
-4.175625741481781006e-02
-5.229690670967102051e-02
8.300233632326126099e-02
-4.720268771052360535e-02
4.120682179927825928e-02
-3.893827274441719055e-02
-6.657476723194122314e-02
1.581305637955665588e-02
3.406197205185890198e-02
1.443976815789937973e-02
-1.559430453926324844e-02
-5.477785132825374603e-03
-5.783951655030250549e-02
3.610081970691680908e-02
-3.835909441113471985e-02
-4.153918102383613586e-02
-3.074739594012498856e-03
-1.444455049932003021e-02
3.460670262575149536e-02
7.465522736310958862e-02
8.902926929295063019e-03
-5.690867826342582703e-02
3.998586907982826233e-02
-3.231413662433624268e-02
-3.581631183624267578e-02
1.608754508197307587e-02
-3.975023329257965088e-02
9.129190002568066120e-04
2.009783312678337097e-02
9.460723027586936951e-03
-3.359728679060935974e-02
-5.223758518695831299e-03
1.765403337776660919e-02
3.111476823687553406e-02
1.889757066965103149e-02
5.801779776811599731e-02
-5.800951644778251648e-02
-5.500998720526695251e-02
3.947645425796508789e-02
6.675221771001815796e-02
-4.400723148137331009e-03
-3.327377885580062866e-02
4.005296155810356140e-02
-2.973620081320405006e-03
4.836637154221534729e-02
-5.171978846192359924e-02
-6.254672259092330933e-02
2.794372662901878357e-02
1.497099292464554310e-03
-6.220956519246101379e-02
3.593307361006736755e-02
-3.707250952720642090e-02
-1.799006015062332153e-02
9.330984950065612793e-02
-3.996701445430517197e-03
5.257600918412208557e-02
5.598311126232147217e-02
1.296483445912599564e-02
-8.562754839658737183e-02
-9.111589938402175903e-02
-1.538103166967630386e-02
3.692638501524925232e-02
1.891405135393142700e-02
2.311049401760101318e-02
7.469655573368072510e-02
-3.116971254348754883e-02
-4.339745733886957169e-03
4.924583435058593750e-02
-8.334407582879066467e-03
1.841318421065807343e-02
-1.059274151921272278e-01
1.285592839121818542e-02
6.855193525552749634e-02
3.843869641423225403e-02
1.299678813666105270e-02
6.119811907410621643e-03
4.781300947070121765e-02
-1.041281502693891525e-03
5.997068248689174652e-03
-4.000438377261161804e-02
4.800763353705406189e-02
2.078216709196567535e-02
-8.700537681579589844e-02
-2.799762226641178131e-02
5.558503419160842896e-02
4.229793790727853775e-03
3.305712714791297913e-02
5.565438885241746902e-03
-2.000605501234531403e-02
-2.472711261361837387e-03
1.009785570204257965e-02
3.591567650437355042e-02
3.528786450624465942e-02
2.513639070093631744e-02
-5.305046960711479187e-02
-4.710203409194946289e-02
1.074060872197151184e-01
-8.632879704236984253e-02
-5.590467154979705811e-02
-4.858452454209327698e-02
8.139627426862716675e-02
-5.355147644877433777e-02
9.272865951061248779e-02
4.745285585522651672e-02
-3.487145155668258667e-02
-4.799967259168624878e-02
6.759522110223770142e-02
-4.343454912304878235e-02
-2.367352880537509918e-02
-3.583413735032081604e-02
-8.963038772344589233e-02
-1.524695754051208496e-02
6.383404880762100220e-02
2.409234642982482910e-03
-3.346442058682441711e-02
-5.426383018493652344e-02
1.216372177004814148e-01
1.711701042950153351e-02
3.989677503705024719e-02
3.163178637623786926e-02
-7.058560848236083984e-02
6.148744374513626099e-03
3.915977850556373596e-02
1.708545349538326263e-02
2.546898275613784790e-02
-2.601896412670612335e-02
3.766773268580436707e-02
-6.005320325493812561e-02
4.118819162249565125e-02
5.453930050134658813e-02
4.023559764027595520e-02
6.433894485235214233e-02
-6.010617688298225403e-02
-4.477211833000183105e-02
6.185089424252510071e-02
-4.508284851908683777e-02
8.099637925624847412e-03
-5.155527219176292419e-02
1.121831685304641724e-01
-2.317237667739391327e-02
5.946314334869384766e-02
-4.191529471427202225e-03
2.439159154891967773e-02
-7.490795850753784180e-02
-1.926492340862751007e-02
-1.223117783665657043e-01
-1.480992324650287628e-02
-7.579536177217960358e-04
-1.951682381331920624e-02
2.392632141709327698e-02
-4.515105485916137695e-02
5.356333032250404358e-02
-3.829291090369224548e-02
7.255529612302780151e-02
2.489700913429260254e-02
1.252511516213417053e-02
3.586480021476745605e-02
2.539228461682796478e-02
-1.217712387442588806e-01
-3.329199925065040588e-02
4.706225916743278503e-02
3.485664725303649902e-02
1.148771122097969055e-02
2.849381044507026672e-02
-1.129301358014345169e-02
6.830424070358276367e-02
-4.479900002479553223e-02
3.591732308268547058e-02
8.252090774476528168e-03
-2.234725467860698700e-02
2.902503497898578644e-02
3.798609972000122070e-02
5.118855461478233337e-02
2.034806273877620697e-02
-4.741945862770080566e-02
-2.258188836276531219e-02
5.144485738128423691e-03
-4.966659843921661377e-02
9.012082219123840332e-02
1.417337357997894287e-02
-1.463394425809383392e-02
-5.090088583528995514e-03
-8.457384258508682251e-02
-2.885706350207328796e-02
3.031059401109814644e-03
4.276017472147941589e-02
-1.573762483894824982e-02
-3.397551598027348518e-03
-9.382783621549606323e-02
-3.910784795880317688e-02
1.223324704915285110e-02
-1.728818006813526154e-02
-1.004049628973007202e-01
1.923351897858083248e-03
2.259499020874500275e-02
-1.838938333094120026e-02
-2.718080766499042511e-02
-5.511017050594091415e-03
-3.482333198189735413e-02
5.247551575303077698e-02
8.977700956165790558e-03
-4.734297841787338257e-02
-3.028880245983600616e-02
-2.512236498296260834e-02
-2.886263653635978699e-03
2.023831242695450783e-03
1.282799150794744492e-02
-2.586175501346588135e-02
-3.322381898760795593e-02
-2.199676446616649628e-02
4.250944033265113831e-02
-1.275811344385147095e-03
-5.262520164251327515e-02
1.532829739153385162e-02
-4.812815040349960327e-02
-1.322735659778118134e-02
5.168524384498596191e-02
3.538380935788154602e-02
-4.063209053128957748e-03
8.851628005504608154e-02
1.123872026801109314e-02
-3.065442480146884918e-02
-3.181875869631767273e-02
-4.123167693614959717e-02
-1.837181858718395233e-02
-2.986620925366878510e-02
1.339752785861492157e-02
7.414016872644424438e-02
5.515337362885475159e-02
-6.339029967784881592e-02
-5.916181020438671112e-03
-5.503920465707778931e-02
4.841050249524414539e-04
-4.303174465894699097e-02
-2.573845162987709045e-02
-4.204884916543960571e-02
3.572000935673713684e-02
-1.249667108058929443e-01
-1.456761825829744339e-02
6.719844532199203968e-04
-7.808822207152843475e-03
-3.489267453551292419e-02
-1.052739657461643219e-02
-4.786697030067443848e-02
3.791365597862750292e-04
-2.230746112763881683e-02
6.510984152555465698e-02
-6.734487414360046387e-02
1.243322994560003281e-02
1.997429504990577698e-02
3.754199296236038208e-02
-9.082141332328319550e-03
5.329405423253774643e-03
2.440010942518711090e-02
-2.258070558309555054e-02
3.046951256692409515e-02
-8.209232985973358154e-02
2.464937418699264526e-02
2.324724011123180389e-02
5.329633131623268127e-02
-2.103810757398605347e-02
-2.201048843562602997e-02
-2.375440299510955811e-02
2.629319205880165100e-02
6.174213811755180359e-02
-5.195039510726928711e-02
2.714424207806587219e-02
-1.164366491138935089e-02
2.261101640760898590e-02
5.727182328701019287e-02
3.461719304323196411e-02
1.708364114165306091e-02
-5.036873742938041687e-02
6.098463013768196106e-02
1.588440686464309692e-02
4.587625712156295776e-02
-6.261861324310302734e-02
5.743061657994985580e-03
-4.353340342640876770e-02
-4.215138033032417297e-03
-7.090137340128421783e-03
-5.793530866503715515e-02
-3.301670029759407043e-02
-2.098831580951809883e-03
9.018659591674804688e-03
3.344101831316947937e-02
7.085864990949630737e-02
2.152689360082149506e-02
-5.960671603679656982e-02
5.826933681964874268e-02
5.291533470153808594e-02
-3.066473267972469330e-02
2.137879095971584320e-02
-1.790323667228221893e-02
-1.832355558872222900e-02
-1.210666820406913757e-01
7.966672629117965698e-02
-6.928382813930511475e-02
-1.165422610938549042e-02
-3.042750246822834015e-02
1.997773163020610809e-02
-1.870181038975715637e-02
-2.172650769352912903e-02
-2.085943240672349930e-03
-9.471601247787475586e-02
9.244699031114578247e-03
-4.412582144141197205e-02
-4.048189893364906311e-02
-1.896484568715095520e-02
4.600299522280693054e-02
2.647829707711935043e-03
-3.646482899785041809e-02
1.155413128435611725e-02
-6.271296739578247070e-02
4.923149570822715759e-02
5.104310810565948486e-03
7.138735149055719376e-03
-8.293830603361129761e-02
7.742188870906829834e-03
1.783812604844570160e-02
6.641753762960433960e-02
2.621570043265819550e-02
4.960369318723678589e-02
3.481902927160263062e-02
-2.149483375251293182e-02
-2.918496169149875641e-02
8.755841106176376343e-02
5.014164745807647705e-02
-5.785679444670677185e-02
2.766951546072959900e-02
-3.771667182445526123e-02
-6.377009302377700806e-02
5.784202367067337036e-02
4.116091504693031311e-02
-1.872148178517818451e-02
-2.560860663652420044e-02
3.823768347501754761e-02
1.232021953910589218e-02
-3.850531205534934998e-02
5.246637016534805298e-02
-6.472687423229217529e-02
6.170850247144699097e-02
-1.795035786926746368e-02
-3.193148598074913025e-02
1.687948219478130341e-02
4.769768565893173218e-02
-4.316255450248718262e-02
4.145026579499244690e-02
4.723076894879341125e-02
1.932174339890480042e-02
7.299478352069854736e-02
1.060583814978599548e-02
-7.779954932630062103e-03
-2.107874257490038872e-03
-5.041211843490600586e-02
8.508652448654174805e-03
-4.340153653174638748e-03
2.187559567391872406e-02
-3.464490547776222229e-02
-4.958067554980516434e-03
-3.028718009591102600e-02
1.071074046194553375e-02
3.847433999180793762e-02
4.432764835655689240e-04
5.016119033098220825e-02
-5.994340404868125916e-02
1.043491344898939133e-02
-2.930889651179313660e-02
-7.257645577192306519e-02
2.726553753018379211e-02
1.751736365258693695e-02
-3.689714008942246437e-03
2.838450891431421041e-04
2.118774875998497009e-02
-6.469680368900299072e-02
-1.026111189275979996e-03
5.751836299896240234e-02
3.620195388793945312e-02
3.948484361171722412e-02
4.068956524133682251e-02
-4.360453411936759949e-02
-1.276495493948459625e-02
3.428135067224502563e-02
-9.412508457899093628e-02
1.765696704387664795e-02
1.844768412411212921e-02
-4.682245478034019470e-02
4.832756146788597107e-02
-2.210307866334915161e-02
-4.544447362422943115e-02
1.891756057739257812e-02
-8.787984028458595276e-03
4.222251102328300476e-02
1.182687189429998398e-02
2.294260449707508087e-02
-5.135746300220489502e-02
-3.625707328319549561e-02
-4.303339496254920959e-02
1.100765317678451538e-01
3.700200095772743225e-02
4.745593294501304626e-02
-6.221812963485717773e-02
-1.059510000050067902e-02
1.585605740547180176e-02
4.073531553149223328e-02
2.205288223922252655e-02
-6.227042898535728455e-02
-2.419109642505645752e-02
-1.991121098399162292e-02
9.581018239259719849e-02
-1.965937577188014984e-02
-1.474535441957414150e-03
6.107743456959724426e-02
3.589065745472908020e-02
3.274690825492143631e-03
2.973991632461547852e-02
-3.062742203474044800e-02
-2.171697793528437614e-03
4.377500712871551514e-02
-2.546019293367862701e-02
1.220125984400510788e-02
-1.306944712996482849e-02
3.946280851960182190e-02
3.439846634864807129e-02
-1.100704353302717209e-02
-3.895258996635675430e-03
-4.706535115838050842e-02
8.504109084606170654e-02
5.032680183649063110e-02
-2.815143205225467682e-02
2.887097187340259552e-03
-8.484344929456710815e-03
